120.022119
105.505645
98.184829
91.586013
86.358285
79.639822
73.800906
69.935250
64.846325
62.376887
58.380497
56.435474
54.793629
52.123101
50.168810
49.525227
48.405243
47.846624
47.357471
47.105031
46.880917
46.571971
46.319667
45.848011
45.317402
45.211478
45.109326
45.034097
45.034097
45.034097
45.034097
45.032878
45.032878
45.032878
45.032878
45.032878
45.032878
45.032878
45.032878
45.032878
45.032878
45.032878
45.032878
45.032878
45.032878
45.032878
45.032878
45.032878
45.032878
45.032878
45.032878
45.032878
45.032878
45.032878
45.032878
45.032878
45.032878
45.032878
45.032878
45.032878
45.032878
45.032878
45.032878
45.032878
45.032878
45.032878
45.032878
45.032878
45.032878
45.032878
45.032878
45.032878
45.032878
44.966247
44.885439
44.855762
44.753009
44.753009
44.753009
44.753009
44.753009
44.753009
44.753009
44.753009
44.753009
44.753009
44.753009
44.753009
44.753009
44.753009
44.753009
44.753009
44.753009
44.753009
44.753009
44.753009
44.753009
44.753009
44.753009
44.753009
44.753009
44.753009
44.753009
44.753009
44.753009
44.753009
44.753009
44.753009
44.753009
44.753009
44.753009
44.753009
44.753009
44.753009
44.753009
44.753009
44.753009
44.753009
44.753009
44.753009
44.753009
44.753009
44.753009
44.753009
44.753009
44.753009
44.753009
44.753009
44.753009
44.753009
44.753009
44.753009
44.753009
44.753009
44.753009
44.753009
44.753009
44.753009
44.753009
44.753009
44.753009
44.753009
44.753009
44.753009
44.753009
44.753009
44.753009
44.753009
44.753009
44.753009
44.753009
44.753009
44.753009
44.753009
44.753009
44.753009
44.753009
44.753009
44.753009
44.753009
44.753009
44.753009
44.753009
44.753009
44.753009
44.753009
44.753009
44.753009
44.753009
44.753009
44.753009
44.753009
44.753009
44.753009
44.753009
44.753009
44.753009
44.753009
44.753009
44.753009
44.753009
44.753009
44.753009
44.753009
44.753009
44.753009
44.683106
44.683106
44.683106
44.683106
44.683106
44.683106
44.683106
44.683106
44.683106
44.683106
44.683106
44.683106
44.683106
44.683106
