79.000000 35.000000
75.000000 55.000000
51.000000 67.000000
57.000000 91.000000
75.000000 73.000000
97.000000 73.000000
79.000000 35.000000
79.000000 35.000000
43.000000 19.000000
41.000000 9.000000
45.000000 11.000000
55.000000 13.000000
53.000000 25.000000
27.000000 35.000000
25.000000 33.000000
27.000000 27.000000
43.000000 19.000000
43.000000 19.000000
43.000000 19.000000
27.000000 49.000000
3.000000 71.000000
15.000000 83.000000
21.000000 97.000000
41.000000 87.000000
31.000000 77.000000
47.000000 49.000000
43.000000 19.000000
43.000000 19.000000
93.000000 7.000000
93.000000 15.000000
75.000000 13.000000
73.000000 21.000000
69.000000 23.000000
67.000000 13.000000
93.000000 7.000000
93.000000 7.000000
9.000000 35.000000
13.000000 35.000000
19.000000 19.000000
3.000000 1.000000
1.000000 23.000000
1.000000 47.000000
9.000000 35.000000
9.000000 35.000000
