8.680200 -10.241400
8.840000 -9.360000
8.683800 -8.633400
7.970000 -8.390000
7.751000 -8.817000
8.240000 -9.810000
8.680200 -10.241400
8.680200 -10.241400
10.650100 -9.883300
11.416900 -9.166600
10.383000 -9.300000
8.680200 -10.241400
8.680200 -10.241400
7.050000 -11.070000
7.246100 -11.525800
7.350800 -11.718100
7.955000 -11.741000
7.864000 -11.196000
8.680200 -10.241400
8.680200 -10.241400
9.184000 -10.100000
8.680200 -10.241400
8.680200 -10.241400
10.033000 -10.733000
10.751000 -11.117000
9.520000 -11.360000
8.780000 -10.890000
8.680200 -10.241400
8.680200 -10.241400
9.266800 -9.016700
8.850000 -8.660000
8.550000 -9.467000
8.567000 -10.133000
8.680200 -10.241400
8.680200 -10.241400
8.080000 -10.710000
8.560000 -10.530000
8.680200 -10.241400
